1.251716386170295293e-05 6.502761404655567345e-02 2.267224540510434389e-07 8.413292944206614792e+07 -1.399926633454427878e-11
3.917872288713023844e-05 2.035330365509967487e-01 6.658655909292460491e-06 1.439785946870622970e+07 -2.402500689685012000e-09
6.930628458586305740e-05 3.600398884771899288e-01 5.215402040153866944e-05 4.500274734087319113e+06 -6.020202435907486186e-08
1.033504293054311480e-04 5.368872055848742386e-01 2.230872266464646852e-04 1.911553296539393254e+06 -6.062283696424723819e-07
1.418203128385430963e-04 7.367175203738569600e-01 6.935506562433118877e-04 9.664837781710074050e+05 -3.727467948386839185e-06
1.852912812309596069e-04 9.625153484679264126e-01 1.781623964168053530e-03 5.448200226925245952e+05 -1.698509359318890123e-05
2.344134755143902266e-04 1.217648496865849417e+00 4.039324000576907832e-03 3.304521109644765966e+05 -6.348334673023397665e-05
2.899215550546668384e-04 1.505908386842407021e+00 8.392621223573603489e-03 2.112036058398491587e+05 -2.063282046263495092e-04
3.526456849351793836e-04 1.831538344377825256e+00 1.635457405506380441e-02 1.404370474187604268e+05 -6.043547890308269841e-04
4.235239517001585983e-04 2.199221410797031595e+00 3.033925438746083725e-02 9.639520339108860935e+04 -1.631340957184653807e-03
5.036163931445850539e-04 2.613960822326365729e+00 5.409645875037406848e-02 6.800103160888260754e+04 -4.111564991138644959e-03
5.941208519767869276e-04 3.080712272731057411e+00 9.323779401802874400e-02 4.921154283802001737e+04 -9.730816652213767140e-03
6.963908904571750828e-04 3.603518879533022634e+00 1.556685761459603579e-01 3.653378458184171905e+04 -2.160124123757445336e-02
8.119560339400137394e-04 4.183846618762514069e+00 2.513929045525449268e-01 2.784049686162453145e+04 -4.464613651138915618e-02
9.425446460756214083e-04 4.818113478543024186e+00 3.907087048323195089e-01 2.177143153697792150e+04 -8.491229196116667488e-02
1.090109777788858189e-03 5.495414979172934089e+00 5.799955372951434152e-01 1.742386991481046061e+04 -1.468679177081733955e-01
1.256858376624815556e-03 6.197641906842596526e+00 8.163916805484034978e-01 1.419541610933288030e+04 -2.296213869307472399e-01
1.445284293309447281e-03 6.903411583935774587e+00 1.085682569749571558e+00 1.169987170361636527e+04 -3.256596661217221467e-01
1.658205579163081044e-03 7.593841482134378040e+00 1.366623114286732443e+00 9.705881826255463238e+03 -4.242389557705290581e-01
1.898806632177687213e-03 8.256327605960732896e+00 1.638765519030669582e+00 8.080598951023657719e+03 -5.163534386287402800e-01
2.170685822084192276e-03 8.884848012561969099e+00 1.887950872604641006e+00 6.744422710178919260e+03 -5.971319488149121613e-01
2.477909306678542731e-03 9.478204530984655207e+00 2.107306979999445939e+00 5.643228376423609006e+03 -6.653035715235595671e-01
2.825071844270158738e-03 1.003799236359371427e+01 2.295489848400086075e+00 4.735256336785775602e+03 -7.216545251818633488e-01
3.217365511748684903e-03 1.056710829712879551e+01 2.454381406583928893e+00 3.986118053619106831e+03 -7.677862706432524442e-01
3.660657355999419934e-03 1.106886388252821263e+01 2.587313315197773633e+00 3.367070956024416773e+03 -8.054306376762102593e-01
4.161577140002750350e-03 1.154652643367585796e+01 2.697986948011525943e+00 2.854247975677569229e+03 -8.361568951245240688e-01
4.727616495926512986e-03 1.200311190463132682e+01 2.789920152146105004e+00 2.428049317715636789e+03 -8.612834731595148119e-01
5.367240968120365677e-03 1.244131178806985716e+01 2.866215543239104768e+00 2.072529036352574167e+03 -8.818787571697278560e-01
6.090016621699417820e-03 1.286348602095220173e+01 2.929500660892934594e+00 1.774791943461503479e+03 -8.987935197380425567e-01
6.906753110243746274e-03 1.327168549988483193e+01 2.981949476515346475e+00 1.524440249561556584e+03 -9.126999046684370898e-01
7.829665342298839856e-03 1.366768566722043765e+01 3.025336088394188216e+00 1.313093371460925027e+03 -9.241273516035043434e-01
8.872556164521094857e-03 1.405302216810421712e+01 3.061096081046532191e+00 1.133986921522316152e+03 -9.334926123808345855e-01
1.005102279363224126e-02 1.442902450968437833e+01 3.090384476130803471e+00 9.816461123133831279e+02 -9.411237149603708385e-01
1.138269008452783698e-02 1.479684613421303752e+01 3.114126084495644875e+00 8.516239213956706635e+02 -9.472786602995801886e-01
1.288747412323986222e-02 1.515749052291316978e+01 3.133057366879918426e+00 7.402931204912217709e+02 -9.521598365162277089e-01
1.458788008698444841e-02 1.551183349891299379e+01 3.147760349054679274e+00 6.446818909390984800e+02 -9.559250608965059737e-01
1.650933882601583053e-02 1.586064211961367398e+01 3.158689654567010230e+00 5.623441231671085916e+02 -9.586960061381245568e-01
1.868058720112129520e-02 1.620459060946221186e+01 3.166193805444385667e+00 4.912570456284586840e+02 -9.605646083251513367e-01
2.113409786499046566e-02 1.654427376944126138e+01 3.170531846022221600e+00 4.297402746497681960e+02 -9.615979163491139570e-01
2.390656491516263138e-02 1.688021825329526138e+01 3.171886187719672900e+00 3.763916174481908001e+02 -9.618417313280235303e-01
2.703945268185717690e-02 1.721289204409285745e+01 3.170372408189360947e+00 3.300359771790787136e+02 -9.613232979760435448e-01
3.057961585822201178e-02 1.754271240822053812e+01 3.166046589504211362e+00 2.896845194997958970e+02 -9.600532435654942631e-01
3.458000024751427259e-02 1.787005255145814431e+01 3.158910654137705443e+00 2.545018960599768718e+02 -9.580269097103635279e-01
3.910043460741453175e-02 1.819524715455485619e+01 3.148916054718677859e+00 2.237798144026533578e+02 -9.552251838962895203e-01
4.420852543410182245e-02 1.851859692335470342e+01 3.135966091448605386e+00 1.969156255700027032e+02 -9.516149084538535474e-01
4.998066806825846031e-02 1.884037224990466797e+01 3.119917066500887959e+00 1.733948950308082999e+02 -9.471489221712563467e-01
5.650318924485546457e-02 1.916081604458662468e+01 3.100578434747836454e+00 1.527771493201113344e+02 -9.417657721937010562e-01
6.387363817441008007e-02 1.948014576330163550e+01 3.077712072512226005e+00 1.346841656677844981e+02 -9.353891199212541752e-01
7.220224546480680239e-02 1.979855461590213039e+01 3.051030759341713416e+00 1.187903070209221852e+02 -9.279268532934792368e-01
8.161357170295507890e-02 2.011621189970649937e+01 3.020195951807052914e+00 1.048145095474034036e+02 -9.192699083777967628e-01
9.224837035206262525e-02 2.043326235155101500e+01 2.984814924255658308e+00 9.251361106130774203e+01 -9.092907949849795557e-01
1.042656928255541599e-01 2.074982434873576764e+01 2.944437362637192468e+00 8.167677226439036531e+01 -8.978418136694839014e-01
1.178452672205995977e-01 2.106598670682722130e+01 2.898551530489926087e+00 7.212079239796203467e+01 -8.847529445717147167e-01
1.331901862870009112e-01 2.138180371110088274e+01 2.846580192616997795e+00 6.368616002732096604e+01 -8.698293818160183211e-01
1.505299448320344402e-01 2.169728786438582446e+01 2.787876602124878644e+00 5.623371070306953357e+01 -8.528486802903508801e-01
1.701238719879223094e-01 2.201239961586938776e+01 2.721721065126715189e+00 4.964178811838876726e+01 -8.335574742605440512e-01
1.922650096740756154e-01 2.232703301985563371e+01 2.647318954540617497e+00 4.380382574266084816e+01 -8.116677189245671276e-01
2.172844952594288337e-01 2.264099580758481167e+01 2.563801654542427144e+00 3.862628326450612803e+01 -7.868523958361380854e-01
2.455565139708779654e-01 2.295398165196526108e+01 2.470232964727565594e+00 3.402688815395915611e+01 -7.587406094080749730e-01
2.775038951148154354e-01 2.326553131641867367e+01 2.365625308258027637e+00 2.993314943081585966e+01 -7.269119806855542931e-01
3.136044358074648875e-01 2.357497764309502131e+01 2.248973273923547289e+00 2.628113179931561660e+01 -6.908902075755917194e-01
3.543980467901586828e-01 2.388136646727992130e+01 2.119317700469994570e+00 2.301451005895755841e+01 -6.501355870539434756e-01
4.004948272006026988e-01 2.418334059681873072e+01 1.975863821885228466e+00 2.008397874076915457e+01 -6.040361349441203398e-01
4.525841890644043963e-01 2.447896501108786538e+01 1.818196118091827351e+00 1.744719654459349556e+01 -5.518965785000722324e-01
5.114451679705003251e-01 2.476545413469101220e+01 1.646668850146083996e+00 1.506965643590935500e+01 -4.929237220135097575e-01
5.779580741343887107e-01 2.503872663868837734e+01 1.463121870079596487e+00 1.292731727560085098e+01 -4.262054889683086767e-01
6.531176580995825542e-01 2.529263728281227586e+01 1.272209306656089334e+00 1.101278965911311225e+01 -3.506829486623485037e-01
7.380479879802515075e-01 2.551757492845669617e+01 1.083878304366084455e+00 9.348837376116220454e+00 -2.651492218909219933e-01
8.340192607454075535e-01 2.569785925040685015e+01 9.177829786917355293e-01 8.015855493812608756e+00 -1.684880208925260692e-01
9.424667989700339366e-01 2.580757537409586178e+01 8.092666597154203334e-01 7.196160361410886885e+00 -1.137736172345193697e-01
